minerals:
  Iron: [254.0, 10.0, 1.9139478335629705]
  Gold: [243.0, 12.0, 1.6608272804600226]
  Lithium: [225.0, 4.0, 1.4757685304056878]
  Cobalt: [257.0, 11.0, 1.5425243301279945]
  Zinc: [259.0, 20.0, 1.0351570234771503]
target: Lithium
