minerals:
  Iron: [292.0, 40.0, 1.5273890629960243]
  Gold: [291.0, 56.0, 1.029068712274794]
  Lithium: [313.0, 53.0, 1.3139469765163545]
  Cobalt: [292.0, 41.0, 1.0386245894243817]
  Zinc: [311.0, 49.0, 1.666230211351679]
target: Lithium
