minerals:
  Iron: [238.0, -67.0, 4.065494434578971]
  Gold: [252.0, -72.0, 4.277915820692555]
  Lithium: [265.0, -59.0, 3.3550828971689226]
  Cobalt: [237.0, -43.0, 1.6275912006279394]
  Zinc: [182.0, -60.0, 2.033640306038957]
target: Zinc
