minerals:
  Iron: [334.0, 41.0, 1.089900191737029]
  Gold: [335.0, 43.0, 1.0540095694327056]
  Lithium: [342.0, 37.0, 1.03730293547748]
  Cobalt: [333.0, 44.0, 1.08738041160162]
  Zinc: [342.0, 38.0, 1.0925168810339183]
target: Zinc
