minerals:
  Iron: [133.0, -42.0, 1.3300381495477924]
  Gold: [106.0, -49.0, 2.247395228342368]
  Lithium: [132.0, -60.0, 2.174896699526842]
  Cobalt: [143.0, -47.0, 1.8695471284015968]
  Zinc: [147.0, -53.0, 2.0916372448334353]
target: Iron
