minerals:
  Iron: [315.0, -42.0, 1.091945112527247]
  Gold: [316.0, -40.0, 1.0733963808223097]
  Lithium: [310.0, -40.0, 1.1376504136981909]
  Cobalt: [329.0, -33.0, 1.094503676891461]
  Zinc: [308.0, -38.0, 1.1569286220728392]
target: Gold
