minerals:
  Iron: [37.0, -21.0, 1.0034717227240886]
  Gold: [27.0, -28.0, 1.2467794079292598]
  Lithium: [10.0, -17.0, 1.8469805897211518]
  Cobalt: [53.0, -17.0, 2.237805479134492]
  Zinc: [57.0, -18.0, 1.6415784966795535]
target: Zinc
