minerals:
  Iron: [802.2049336693705, 167.77326850800193, 18.0]
  Gold: [355.0, 1352.0, 17.0]
  Lithium: [131.0, 1123.0, 8.0]
  Cobalt: [534.0, 960.0, 8.0]
  Zinc: [620.0, 1349.0, 19.0]
target: Cobalt
