minerals:
  Iron: [308.0, 467.0, 7.0]
  Gold: [287.0, 314.0, 16.0]
  Lithium: [53.0, 226.0, 6.0]
  Cobalt: [618.0, 1262.0, 12.0]
  Zinc: [-0.9826593846472704, 1498.5951682731315, 10.0]
target: Lithium
