minerals:
  Iron: [253.0, 42.0, 2.004530152435542]
  Gold: [289.0, 26.0, 8.32265490957607]
  Lithium: [265.0, 11.0, 2.3177692690806433]
  Cobalt: [227.0, -11.0, 4.86172033566499]
  Zinc: [333.0, -4.0, 5.029004207058523]
target: Zinc
