minerals:
  Iron: [139.0, 16.0, 2.11664351762526]
  Gold: [80.0, 12.0, 4.886569526776636]
  Lithium: [143.0, 43.0, 2.092876574279361]
  Cobalt: [114.0, 1.0, 2.850991101861834]
  Zinc: [101.0, 31.0, 4.940032011497223]
target: Zinc
