minerals:
  Iron: [290.0, -15.0, 2.4227507179182846]
  Gold: [304.0, 13.0, 2.5650612950474176]
  Lithium: [244.0, -37.0, 2.0343339123867086]
  Cobalt: [210.0, -25.0, 1.052706819237864]
  Zinc: [239.0, -18.0, 1.816077240241798]
target: Iron
