minerals:
  Iron: [70.0, -36.0, 1.7888580110816072]
  Gold: [54.0, -23.0, 1.7679429402673144]
  Lithium: [64.0, -25.0, 2.158090015331558]
  Cobalt: [41.0, -26.0, 1.0717372366884832]
  Zinc: [67.0, -36.0, 2.4375305315880746]
target: Lithium
