minerals:
  Iron: [220.0, -32.0, 1.1371968631331777]
  Gold: [220.0, -30.0, 1.015144083340936]
  Lithium: [211.0, -33.0, 1.1927964469764338]
  Cobalt: [222.0, -31.0, 1.0330768776379415]
  Zinc: [232.0, -34.0, 1.1706206094398004]
target: Iron
