minerals:
  Iron: [44.0, 77.0, 1.396065390323388]
  Gold: [58.0, 79.0, 1.088319856234129]
  Lithium: [56.0, 88.0, 1.11319793712359]
  Cobalt: [80.0, 71.0, 1.0484937398624594]
  Zinc: [60.0, 74.0, 1.2054888095506606]
target: Zinc
