minerals:
  Iron: [125.0, 14.0, 5.4095109024202]
  Gold: [105.0, -29.0, 3.7973625663491912]
  Lithium: [62.0, -19.0, 4.66541226465364]
  Cobalt: [161.0, -17.0, 4.089716119579062]
  Zinc: [122.0, 17.0, 5.434097218571009]
target: Lithium
