minerals:
  Iron: [172.0, -57.0, 1.1768673703039743]
  Gold: [166.0, -44.0, 1.5623456482754106]
  Lithium: [154.0, -50.0, 1.8690222851779668]
  Cobalt: [151.0, -49.0, 1.5499284303359966]
  Zinc: [166.0, -54.0, 1.2051707654157169]
target: Cobalt
