minerals:
  Iron: [199.0, -62.0, 1.5276684423928013]
  Gold: [197.0, -46.0, 2.9872650335151523]
  Lithium: [249.0, -39.0, 2.736111600893671]
  Cobalt: [251.0, -55.0, 2.0247361073631627]
  Zinc: [204.0, -45.0, 2.954801138740268]
target: Gold
