minerals:
  Iron: [181.0, 37.0, 7.304745782158751]
  Gold: [209.0, 25.0, 6.9149749104738945]
  Lithium: [285.0, 26.0, 4.894672888928735]
  Cobalt: [224.0, -18.0, 1.6707119118660292]
  Zinc: [147.0, 35.0, 1.0870047184512415]
target: Lithium
