minerals:
  Iron: [41.0, 29.0, 2.268567602395002]
  Gold: [37.0, 27.0, 2.005013454143672]
  Lithium: [86.0, 34.0, 2.02579270876529]
  Cobalt: [78.0, 20.0, 1.8289864716922772]
  Zinc: [69.0, 20.0, 1.6370005062835369]
target: Zinc
