minerals:
  Iron: [335.0, 26.0, 1.319872320521276]
  Gold: [340.0, 34.0, 1.2105540462919804]
  Lithium: [340.0, 25.0, 1.0601642627676302]
  Cobalt: [353.0, 29.0, 1.047523941820524]
  Zinc: [344.0, 33.0, 1.0509870147960783]
target: Iron
