minerals:
  Iron: [92.0, -10.0, 4.015922245544825]
  Gold: [89.0, -7.0, 2.2145405916245586]
  Lithium: [71.0, -38.0, 4.306268767506973]
  Cobalt: [82.0, -32.0, 1.4781232053365034]
  Zinc: [65.0, -21.0, 4.023034045999449]
target: Iron
