minerals:
  Iron: [182.0, 12.0, 2.089550350686028]
  Gold: [158.0, 14.0, 1.2591387336678883]
  Lithium: [153.0, 15.0, 1.0701375928980361]
  Cobalt: [171.0, 26.0, 1.5853964658927895]
  Zinc: [182.0, 7.0, 1.4250435391258844]
target: Gold
