minerals:
  Iron: [71.0, -27.0, 2.1271267565021397]
  Gold: [88.0, -29.0, 1.2257769341185694]
  Lithium: [100.0, -31.0, 3.105063587172631]
  Cobalt: [71.0, -17.0, 2.431017247043097]
  Zinc: [82.0, -31.0, 1.567662473485351]
target: Cobalt
