minerals:
  Iron: [236.0, -23.0, 2.5542055080269535]
  Gold: [246.0, -39.0, 1.1087040138948474]
  Lithium: [239.0, -12.0, 2.487677353774327]
  Cobalt: [197.0, -27.0, 2.8265160542428083]
  Zinc: [205.0, -30.0, 2.807697308784771]
target: Lithium
