minerals:
  Iron: [141.0, -67.0, 6.0125498975248854]
  Gold: [127.0, -62.0, 5.962880513673025]
  Lithium: [118.0, -83.0, 4.672853713839077]
  Cobalt: [112.0, -17.0, 8.00127370707976]
  Zinc: [163.0, -24.0, 8.149322008138412]
target: Zinc
