minerals:
  Iron: [311.0, 42.0, 2.3825031773617384]
  Gold: [310.0, 34.0, 2.340152819338514]
  Lithium: [292.0, 24.0, 1.5716269537618406]
  Cobalt: [271.0, 39.0, 2.313596376786225]
  Zinc: [294.0, 42.0, 1.3993079426794666]
target: Lithium
