minerals:
  Iron: [110.0, 5.0, 1.890831975046796]
  Gold: [100.0, -2.0, 2.302899412363738]
  Lithium: [53.0, 25.0, 2.1622508178500435]
  Cobalt: [90.0, -3.0, 2.6292256307187105]
  Zinc: [71.0, 13.0, 2.1351814835524143]
target: Cobalt
