minerals:
  Iron: [190.0, 71.0, 1.7373872200027147]
  Gold: [233.0, 54.0, 4.3198026259781095]
  Lithium: [293.0, 35.0, 1.503714939439384]
  Cobalt: [192.0, 57.0, 2.509044152061931]
  Zinc: [279.0, 27.0, 3.9089503828430785]
target: Lithium
