minerals:
  Iron: [317.0, -26.0, 1.1555369338587653]
  Gold: [333.0, -26.0, 1.1515496791026318]
  Lithium: [322.0, -15.0, 1.111575744825928]
  Cobalt: [333.0, -16.0, 1.149140892546612]
  Zinc: [337.0, -22.0, 1.1511525807753553]
target: Zinc
