minerals:
  Iron: [110.0, -41.0, 1.1832516412054446]
  Gold: [71.0, -65.0, 7.232280024469929]
  Lithium: [57.0, 14.0, 4.427093050742288]
  Cobalt: [184.0, -54.0, 1.99952187870416]
  Zinc: [112.0, -29.0, 3.3348185662248]
target: Lithium
