minerals:
  Iron: [93.0, -73.0, 1.2686088126017672]
  Gold: [110.0, -74.0, 1.141406664882387]
  Lithium: [91.0, -75.0, 1.2182438355297862]
  Cobalt: [97.0, -71.0, 1.1526111452035748]
  Zinc: [99.0, -75.0, 1.2544786972315358]
target: Gold
