minerals:
  Iron: [150.0, -56.0, 3.096838066554741]
  Gold: [176.0, -53.0, 2.1526577336047934]
  Lithium: [162.0, -60.0, 1.9542794183296037]
  Cobalt: [169.0, -60.0, 2.8299004467413935]
  Zinc: [186.0, -59.0, 2.436573891949367]
target: Lithium
