minerals:
  Iron: [179.0, 8.0, 2.3055587302484293]
  Gold: [196.0, 15.0, 1.1942659113490537]
  Lithium: [177.0, 4.0, 1.0107800044858095]
  Cobalt: [162.0, 40.0, 2.5143281188303455]
  Zinc: [173.0, 30.0, 2.9050917172197344]
target: Zinc
