minerals:
  Iron: [99.0, -55.0, 5.3891623044060815]
  Gold: [149.0, -32.0, 8.559214769926953]
  Lithium: [158.0, -41.0, 2.792709774381619]
  Cobalt: [151.0, -34.0, 1.0937194844737712]
  Zinc: [163.0, -14.0, 2.1133617680436565]
target: Iron
