minerals:
  Iron: [483.0, 1412.0, 16.0]
  Gold: [423.0, 1528.0, 12.0]
  Lithium: [254.54257624712474, -3.4210073827232677, 7.0]
  Cobalt: [33.0, 1348.0, 15.0]
  Zinc: [95.0, 415.0, 17.0]
target: Zinc
