minerals:
  Iron: [275.0, -61.0, 1.752494630636809]
  Gold: [274.0, -50.0, 1.5478890431306365]
  Lithium: [258.0, -51.0, 1.7245919224121251]
  Cobalt: [276.0, -49.0, 1.1023275132560997]
  Zinc: [284.0, -60.0, 1.2883149819338915]
target: Iron
