minerals:
  Iron: [39.0, 79.0, 1.3070486212764822]
  Gold: [43.0, 15.0, 1.8991087249921057]
  Lithium: [85.0, 69.0, 6.899189689152711]
  Cobalt: [112.0, 17.0, 5.102747702713378]
  Zinc: [91.0, 11.0, 3.4914193858929603]
target: Lithium
