minerals:
  Iron: [47.0, 76.0, 2.363913867082832]
  Gold: [89.0, 82.0, 4.089383713521215]
  Lithium: [94.0, 50.0, 2.7947071829022256]
  Cobalt: [80.0, 51.0, 4.484032937761826]
  Zinc: [77.0, 79.0, 3.9398362808593537]
target: Cobalt
