minerals:
  Iron: [208.0, 51.0, 1.2894984572974195]
  Gold: [208.0, 43.0, 3.3977831209993727]
  Lithium: [206.0, 53.0, 2.0883436116051173]
  Cobalt: [210.0, 43.0, 1.820507547028828]
  Zinc: [223.0, 42.0, 1.6429473076469319]
target: Lithium
