minerals:
  Iron: [98.0, -29.0, 2.433588667457599]
  Gold: [55.0, -25.0, 4.435600266447542]
  Lithium: [94.0, -76.0, 4.494983346985277]
  Cobalt: [139.0, -17.0, 3.5501152273715166]
  Zinc: [96.0, -59.0, 4.576383622351538]
target: Cobalt
