minerals:
  Iron: [67.0, 72.0, 2.3445275114753787]
  Gold: [65.0, 60.0, 1.4162700980229146]
  Lithium: [87.0, 64.0, 1.250691457523813]
  Cobalt: [78.0, 61.0, 2.707786938630023]
  Zinc: [49.0, 80.0, 2.3401729716146775]
target: Iron
