minerals:
  Iron: [65.0, 8.0, 6.648848877611902]
  Gold: [135.0, -4.0, 1.440494129948973]
  Lithium: [115.0, -8.0, 6.089284168421667]
  Cobalt: [126.0, 26.0, 3.8621800562631203]
  Zinc: [109.0, -27.0, 2.723132159148889]
target: Lithium
