minerals:
  Iron: [108.0, 58.0, 1.1990350250240907]
  Gold: [88.0, 51.0, 1.0565152174562977]
  Lithium: [108.0, 57.0, 1.3621379008455523]
  Cobalt: [85.0, 40.0, 1.5615252290558077]
  Zinc: [107.0, 55.0, 1.733009652818489]
target: Lithium
