minerals:
  Iron: [259.0, -49.0, 1.3346164509645093]
  Gold: [309.0, -54.0, 3.430309671446632]
  Lithium: [279.0, -50.0, 3.516930826780328]
  Cobalt: [303.0, -38.0, 2.250653693865276]
  Zinc: [305.0, -48.0, 1.503474023676323]
target: Iron
