minerals:
  Iron: [261.0, -79.0, 1.3437060187547416]
  Gold: [311.0, -62.0, 1.3625715900957645]
  Lithium: [306.0, -79.0, 1.5364527309979517]
  Cobalt: [269.0, -74.0, 2.3343907602601703]
  Zinc: [282.0, -71.0, 1.7968953248746147]
target: Cobalt
