minerals:
  Iron: [89.0, 30.0, 2.3374453117259906]
  Gold: [97.0, 61.0, 3.7664074771581366]
  Lithium: [33.0, 55.0, 2.4297820671613737]
  Cobalt: [73.0, 67.0, 3.3268907634540468]
  Zinc: [105.0, 51.0, 2.830472575191896]
target: Iron
