minerals:
  Iron: [267.0, -24.0, 2.477259236019415]
  Gold: [320.0, -40.0, 7.028562240724889]
  Lithium: [350.0, -27.0, 8.035984264210558]
  Cobalt: [270.0, -46.0, 5.56654084952291]
  Zinc: [248.0, -37.0, 6.748334925612033]
target: Zinc
