minerals:
  Iron: [44.0, 13.0, 4.480229200621611]
  Gold: [59.0, 67.0, 2.687401327592702]
  Lithium: [19.0, 52.0, 6.342235382704943]
  Cobalt: [131.0, 41.0, 6.503153467654284]
  Zinc: [104.0, 83.0, 5.746110516640567]
target: Lithium
