minerals:
  Iron: [125.0, 51.0, 1.6909023360233586]
  Gold: [125.0, 68.0, 1.6887137573568294]
  Lithium: [130.0, 41.0, 2.93557531173873]
  Cobalt: [157.0, 67.0, 1.833149710138378]
  Zinc: [144.0, 66.0, 1.3739451483664056]
target: Gold
