minerals:
  Iron: [271.0, 84.0, 1.3714155290578753]
  Gold: [273.0, 87.0, 1.0298291852924681]
  Lithium: [264.0, 83.0, 1.308304185305285]
  Cobalt: [275.0, 78.0, 1.340690843690406]
  Zinc: [275.0, 81.0, 1.2624940202605375]
target: Iron
