minerals:
  Iron: [303.0, -73.0, 1.1185302869772058]
  Gold: [288.0, -70.0, 1.9807777385635685]
  Lithium: [293.0, -85.0, 1.7645976836451245]
  Cobalt: [318.0, -80.0, 1.0577508888932137]
  Zinc: [285.0, -81.0, 1.577711340723642]
target: Cobalt
