start_position: [2.5567171856521425, 4.517757721826919, 0.0634977701490589]
start_orientation: [0.0, 0.0, 1.0371313356967122, 0.0]
goal_position: [7.794737178140329, -0.5801159998303737]
waypoint_index: 0
num_iterations: 10
publish: false
prefix: rollout
known_obs: {}
max_time: 200
wp_x: [2.55671714636207, 3.9899745499970027, 5.4232319536319356, 6.856489357266868,
  7.829790224931708, 7.794737178140329]
wp_y: [4.517757698592104, 3.1228479470577435, 1.7279381955233832, 0.333028443989023,
  -1.4141651403063378, -0.5801159998303737]
