start_position: [0.0, 0.0, 0.0]
start_orientation: [0.0, 0.0, 0.0, 0.0]
goal_position: [-3.247650705333311, 32.928806666126796]
waypoint_index: 0
num_iterations: 10
publish: false
prefix: rollout
known_obs: {}
max_time: 200
wp_x: [0.0, -0.981502249354484, -1.9630044987089683, -2.944506748063452, -3.247650705333311]
wp_y: [0.0, 9.951716099975524, 19.903432199951048, 29.855148299926576, 32.928806666126796]
