start_position: [-1.8060068176025112, 5.231085549744329, 0.06349746992732626]
start_orientation: [0.0, 0.0, 5.5584016094107715, 0.0]
goal_position: [-8.75051896519288, 13.004822666397805]
waypoint_index: 0
num_iterations: 10
publish: false
prefix: rollout
known_obs: {}
max_time: 200
batt_level: 64.0
batt_rate: 0.5
velocity: 1
wp_x: [-1.8060067351683011, -3.5795167310037623, -4.784590521485292, -5.989664311966822,
  -7.194738102448351, -8.39981189292988, -8.75051896519288]
wp_y: [5.231085456729247, 6.155564929011732, 7.751746986138825, 9.347929043265918,
  10.94411110039301, 12.540293157520104, 13.004822666397805]
