start_position: [1.0306370292194964, 5.035622583932532, 0.06349746761858487]
start_orientation: [0.0, 0.0, 0.15943472997849134, 0.0]
goal_position: [7.794737178140329, -0.5801159998303737]
waypoint_index: 0
num_iterations: 10
publish: false
prefix: rollout
known_obs: {}
max_time: 200
wp_x: [1.0306369348267976, 1.3052250575540885, 3.050173899674498, 4.558236449305428,
  6.405373642324252, 7.794737178140329]
wp_y: [5.035622675419015, 3.0545620092966717, 2.0772424410987145, 0.7635654083388903,
  -0.0033010664574339987, -0.5801159998303737]
