minerals:
  Iron: [290.0, 103.0, 5.152703510460073]
  Gold: [294.0, 121.0, 2.928995628175598]
  Lithium: [252.0, 111.0, 2.5655634334698583]
  Cobalt: [328.0, 104.0, 1.3543014031994556]
  Zinc: [317.0, 73.0, 3.347663055366909]
target: Lithium
