minerals:
  Iron: [112.0, 40.0, 4.71626601831939]
  Gold: [0.0, 20.0, 2.94643133947946]
  Lithium: [101.0, 5.0, 2.8749602853414316]
  Cobalt: [50.0, 45.0, 1.5330181858514205]
  Zinc: [47.0, 29.0, 2.740670488098333]
target: Zinc
