minerals:
  Iron: [215.0, 58.0, 6.160056145531425]
  Gold: [151.0, 43.0, 8.14839327948033]
  Lithium: [222.0, 14.0, 6.9131287133597255]
  Cobalt: [232.0, 19.0, 3.9764596078886694]
  Zinc: [118.0, 69.0, 6.089824414324052]
target: Gold
