minerals:
  Iron: [284.0, 48.0, 1.7382316640623299]
  Gold: [179.0, 39.0, 4.805271616238168]
  Lithium: [153.0, 31.0, 6.452318126705809]
  Cobalt: [206.0, 46.0, 1.0562323739221815]
  Zinc: [206.0, 41.0, 3.838279334773379]
target: Cobalt
